              precision    recall  f1-score   support

    airplane     0.9213    0.9130    0.9171      1000
  automobile     0.9563    0.9630    0.9596      1000
        bird     0.8853    0.8880    0.8867      1000
         cat     0.8301    0.8010    0.8153      1000
        deer     0.9055    0.9290    0.9171      1000
         dog     0.8708    0.8360    0.8531      1000
        frog     0.9254    0.9430    0.9341      1000
       horse     0.9533    0.9400    0.9466      1000
        ship     0.9186    0.9590    0.9384      1000
       truck     0.9399    0.9390    0.9395      1000

    accuracy                         0.9111     10000
   macro avg     0.9107    0.9111    0.9107     10000
weighted avg     0.9107    0.9111    0.9107     10000
