              precision    recall  f1-score   support

    airplane     0.8454    0.8640    0.8546      1000
  automobile     0.9263    0.9050    0.9155      1000
        bird     0.7747    0.7600    0.7673      1000
         cat     0.7046    0.6750    0.6895      1000
        deer     0.8231    0.8050    0.8140      1000
         dog     0.7755    0.7530    0.7641      1000
        frog     0.8425    0.8990    0.8699      1000
       horse     0.8869    0.8780    0.8824      1000
        ship     0.9067    0.9140    0.9104      1000
       truck     0.8712    0.9130    0.8916      1000

    accuracy                         0.8366     10000
   macro avg     0.8357    0.8366    0.8359     10000
weighted avg     0.8357    0.8366    0.8359     10000
