              precision    recall  f1-score   support

    airplane     0.6839    0.6360    0.6591      1000
  automobile     0.7315    0.7110    0.7211      1000
        bird     0.5336    0.4050    0.4605      1000
         cat     0.4298    0.3980    0.4133      1000
        deer     0.5462    0.4910    0.5171      1000
         dog     0.5343    0.4830    0.5074      1000
        frog     0.5911    0.7300    0.6532      1000
       horse     0.6392    0.7280    0.6807      1000
        ship     0.7002    0.7380    0.7186      1000
       truck     0.6184    0.7310    0.6700      1000

    accuracy                         0.6051     10000
   macro avg     0.6008    0.6051    0.6001     10000
weighted avg     0.6008    0.6051    0.6001     10000
