              precision    recall  f1-score   support

    airplane     0.6112    0.6540    0.6319      1000
  automobile     0.6763    0.6330    0.6539      1000
        bird     0.4917    0.3550    0.4123      1000
         cat     0.3574    0.4510    0.3988      1000
        deer     0.4726    0.5010    0.4864      1000
         dog     0.4786    0.4700    0.4743      1000
        frog     0.6477    0.5810    0.6125      1000
       horse     0.6270    0.5800    0.6026      1000
        ship     0.6645    0.7050    0.6841      1000
       truck     0.5779    0.6270    0.6014      1000

    accuracy                         0.5557     10000
   macro avg     0.5605    0.5557    0.5558     10000
weighted avg     0.5605    0.5557    0.5558     10000
