              precision    recall  f1-score   support

    airplane     0.8648    0.8060    0.8344      1000
  automobile     0.8429    0.9500    0.8933      1000
        bird     0.7570    0.7570    0.7570      1000
         cat     0.7012    0.6830    0.6920      1000
        deer     0.7181    0.8660    0.7851      1000
         dog     0.7500    0.7530    0.7515      1000
        frog     0.8804    0.8610    0.8706      1000
       horse     0.8927    0.8400    0.8655      1000
        ship     0.9079    0.9070    0.9075      1000
       truck     0.9559    0.8020    0.8722      1000

    accuracy                         0.8225     10000
   macro avg     0.8271    0.8225    0.8229     10000
weighted avg     0.8271    0.8225    0.8229     10000
